0 0.219444 0.882992 0.221516 0.886305 0.219238 0.888998 0.215716 0.887963 0.214266 0.890864 0.214681 0.894798 0.208052 0.895007 0.207637 0.888172 0.211986 0.883200 0.216545 0.882163
0 0.183194 0.904743 0.180086 0.909091 0.184023 0.914479 0.189200 0.914479 0.191895 0.915929 0.191066 0.918413 0.193965 0.921314 0.198730 0.918413 0.198936 0.912613 0.199973 0.908679 0.199559 0.903085 0.195208 0.902050 0.192307 0.902671
0 0.212609 0.924422 0.214058 0.927943 0.216959 0.930222 0.221102 0.932292 0.221516 0.935607 0.215093 0.935813 0.211574 0.933121 0.209707 0.927114 0.209916 0.921935
0 0.814710 0.599965 0.807996 0.605683 0.804765 0.607174 0.798054 0.609661 0.796066 0.616868 0.795570 0.626811 0.791840 0.631285 0.798801 0.632281 0.803273 0.631285 0.803772 0.636257 0.808992 0.640235 0.821172 0.639987 0.823160 0.642223 0.820177 0.647693 0.812471 0.647941 0.805760 0.652664 0.804517 0.659127 0.802032 0.662606 0.805512 0.669566 0.810235 0.665341 0.815951 0.661611 0.823657 0.661611 0.838074 0.664594 0.836334 0.667329 0.835091 0.671057 0.842052 0.671057 0.852990 0.664098 0.851746 0.653409 0.854730 0.642719 0.849758 0.639987 0.841305 0.635760 0.849510 0.629546 0.851250 0.625818 0.850503 0.616620 0.848763 0.611152 0.842549 0.614133 0.839069 0.617615 0.832855 0.617117 0.829623 0.614632 0.827883 0.608666 0.825148 0.604191 0.819929 0.601955
0 0.754625 0.356159 0.755867 0.360095 0.755452 0.363411 0.753588 0.365895 0.752345 0.369003 0.756695 0.370038 0.762289 0.362168 0.761667 0.356988 0.759182 0.353675 0.756281 0.352637
0 0.740124 0.324260 0.737017 0.329439 0.737637 0.334617 0.741574 0.337724 0.745304 0.336480 0.751930 0.335652 0.757110 0.331924 0.754832 0.329025 0.749652 0.331095 0.746545 0.331718 0.746130 0.327159 0.745510 0.325089
0 0.734738 0.330680 0.732252 0.340211 0.724796 0.345388 0.719617 0.342695 0.723967 0.335652 0.728109 0.331303 0.730182 0.324051 0.734738 0.323225
0 0.269324 0.401587 0.269324 0.406144 0.268083 0.407593 0.261868 0.406558 0.258967 0.407593 0.256274 0.410080 0.254617 0.409251 0.253996 0.406558 0.253996 0.400758 0.250268 0.396822 0.246332 0.395787 0.243431 0.397236 0.241981 0.399100 0.238254 0.400758 0.235561 0.404900 0.234938 0.407387 0.233488 0.411115 0.239082 0.414016 0.239082 0.416086 0.238460 0.419608 0.240117 0.424787 0.245503 0.428309 0.250889 0.429552 0.255445 0.430379 0.262695 0.427274 0.260625 0.423338 0.253996 0.422094 0.247161 0.422301 0.244468 0.419193 0.247367 0.418158 0.253375 0.415880 0.254825 0.416294 0.258347 0.420437 0.260211 0.421680 0.266631 0.422509 0.269532 0.422509 0.268910 0.433072 0.274504 0.438045 0.281133 0.435352 0.277402 0.428101 0.276161 0.423958 0.280304 0.420230 0.285069 0.415674 0.286933 0.411529 0.282996 0.407387 0.279681 0.409459 0.278646 0.408008 0.277817 0.403036 0.272431 0.400344
0 0.289417 0.394337 0.294388 0.400552 0.296669 0.402416 0.300188 0.398480 0.294597 0.391645 0.292318 0.390193
0 0.262518 0.352578 0.258938 0.357945 0.263949 0.365463 0.266454 0.368684 0.274328 0.370115 0.278983 0.369758 0.277551 0.372979 0.274328 0.381571 0.271465 0.386223 0.272897 0.391234 0.280058 0.391594 0.287573 0.390162 0.291152 0.380855 0.289364 0.374770 0.295448 0.375126 0.302606 0.375126 0.303681 0.365104 0.299743 0.361884 0.293659 0.355441 0.287216 0.354366 0.280773 0.354725 0.273613 0.351503 0.267886 0.350071
0 0.733537 0.385244 0.725873 0.387937 0.725250 0.394772 0.728358 0.401401 0.733329 0.403059 0.734572 0.398293 0.736436 0.393322 0.740995 0.393528 0.743065 0.397673 0.743065 0.401815 0.745552 0.403885 0.749694 0.400157 0.748245 0.391458 0.744515 0.386485 0.738094 0.384829
0 0.763945 0.353260 0.764359 0.357402 0.767467 0.360924 0.769745 0.361959 0.777203 0.360095 0.779896 0.359266 0.781760 0.360095 0.775960 0.362996 0.774304 0.365689 0.774716 0.369832 0.778446 0.368382 0.781968 0.365895 0.787354 0.365689 0.790875 0.365066 0.789424 0.360718 0.789424 0.357402 0.790253 0.355953 0.793983 0.355745 0.795847 0.353675 0.793774 0.350359 0.789424 0.349532 0.784246 0.348703 0.777411 0.346011 0.769947 0.343307 0.766846 0.343938 0.768296 0.351602 0.776374 0.353260 0.775754 0.355539 0.770988 0.356159
0 0.763967 0.375922 0.762516 0.381514 0.760237 0.387522 0.761066 0.394566 0.765002 0.400366 0.769973 0.400157 0.771631 0.392493 0.775153 0.387728 0.778881 0.387937 0.780745 0.389801 0.786545 0.390215 0.791102 0.389801 0.800632 0.391044 0.802496 0.390421 0.804359 0.394566 0.810988 0.392908 0.806432 0.385450 0.802081 0.384829 0.799803 0.380273 0.800838 0.376751 0.798145 0.375922 0.793174 0.371571 0.786339 0.371365 0.784681 0.378615 0.782196 0.381099 0.778466 0.377580 0.776809 0.374473 0.773701 0.373644 0.772460 0.378406 0.769559 0.377371 0.770802 0.373435 0.762930 0.371780
0 0.184100 0.929898 0.178633 0.931638 0.177141 0.927411 0.173413 0.927662 0.174905 0.935616 0.181367 0.939344 0.187830 0.938848 0.188327 0.933626
0 0.226902 0.915514 0.221930 0.920900 0.223380 0.926700 0.228974 0.935193 0.235601 0.939335 0.241195 0.937471 0.245131 0.933949 0.252172 0.936228 0.260459 0.927114 0.256523 0.916135 0.251551 0.910335 0.239331 0.912407 0.233531 0.913027
0 0.240986 0.889827 0.243267 0.893349 0.248030 0.893349 0.249687 0.897699 0.243679 0.900186 0.236638 0.897285 0.235186 0.892520 0.238293 0.887549
0 0.230423 0.884441 0.233322 0.888998 0.233322 0.894592 0.230629 0.897079 0.223174 0.897079 0.223174 0.892520 0.226281 0.890242 0.224209 0.886305 0.227730 0.882786
0 0.199351 0.877606 0.195208 0.879470 0.198107 0.882163 0.204322 0.880920 0.206600 0.880920 0.205773 0.885064 0.199973 0.886928 0.193759 0.885479 0.191272 0.883200 0.189823 0.884027 0.191895 0.887134 0.190652 0.890035 0.187130 0.893349 0.185887 0.895627 0.187336 0.898734 0.185472 0.901636 0.181330 0.899357 0.180915 0.894178 0.183814 0.888792 0.182988 0.885685 0.179466 0.885685 0.176773 0.885270 0.170973 0.881957 0.171594 0.875742 0.176565 0.874914 0.179880 0.876157 0.184229 0.873670 0.187544 0.872427 0.190652 0.873050 0.196037 0.873464 0.201837 0.872427
0 0.741159 0.365275 0.737846 0.368382 0.735153 0.368797 0.732460 0.370246 0.732460 0.374388 0.739089 0.374597 0.741782 0.372730 0.745510 0.369003 0.743852 0.375838 0.744060 0.378324 0.747788 0.378118 0.750895 0.373353 0.750895 0.366724 0.750481 0.361339 0.744266 0.360924
0 0.737637 0.348081 0.735359 0.352846 0.733910 0.355124 0.729353 0.357196 0.725831 0.357611 0.722103 0.354710 0.722932 0.350773 0.728109 0.351188 0.729973 0.349738 0.732666 0.346837 0.735153 0.343109 0.739089 0.344767
0 0.751104 0.342695 0.749238 0.344973 0.746545 0.346631 0.742196 0.343524 0.747996 0.338553 0.752345 0.336689 0.757730 0.336274 0.760838 0.339382 0.761252 0.342489 0.756281 0.343732 0.754211 0.341660
0 0.769125 0.326744 0.765603 0.329025 0.763324 0.331718 0.763116 0.338967 0.765603 0.341660 0.769331 0.339796 0.768090 0.335031 0.772852 0.331303 0.774716 0.330060 0.775339 0.327159 0.772232 0.325503