0 0.347917 0.664377 0.346718 0.667613 0.346359 0.670011 0.341325 0.669652 0.337369 0.671090 0.335091 0.674326 0.334131 0.679601 0.337250 0.685474 0.341203 0.685235 0.339526 0.676964 0.342522 0.674807 0.343003 0.679242 0.347318 0.682478 0.349355 0.683438 0.350915 0.689672 0.350674 0.694227 0.355111 0.693387 0.355709 0.689911 0.360144 0.686554 0.363502 0.683677 0.364940 0.680561 0.361463 0.677923 0.357626 0.679242 0.357748 0.676126 0.358107 0.673608 0.357868 0.670370 0.355709 0.669413 0.352832 0.669652 0.351396 0.666179 0.350315 0.663178
0 0.321155 0.652068 0.318708 0.654945 0.318852 0.657535 0.317990 0.662139 0.317270 0.666022 0.318422 0.669043 0.320434 0.673072 0.323025 0.674222 0.326908 0.669907 0.328491 0.667892 0.331223 0.673646 0.332806 0.675228 0.335395 0.672640 0.336547 0.668036 0.335539 0.664727 0.337697 0.664009 0.341150 0.664295 0.343595 0.666886 0.346184 0.664583 0.349060 0.663145 0.350787 0.661274 0.353808 0.658398 0.356398 0.649479 0.351651 0.646170 0.344889 0.645308 0.339998 0.648617 0.340286 0.652788 0.341580 0.656527 0.337553 0.659262 0.333382 0.658974 0.330073 0.656959 0.328491 0.654659 0.327052 0.652356 0.325182 0.650918
0 0.333094 0.710616 0.330505 0.714069 0.332088 0.716082 0.335109 0.714643 0.336403 0.712917 0.342877 0.715075 0.348054 0.712917 0.345033 0.710184 0.337841 0.708457
0 0.319140 0.703424 0.315975 0.703710 0.313531 0.706301 0.313819 0.709322 0.317990 0.708746 0.319716 0.710472 0.321011 0.712773 0.324464 0.711622 0.323599 0.705437 0.320290 0.703568
0 0.300009 0.674510 0.297274 0.676667 0.295980 0.680264 0.297562 0.683859 0.303748 0.685299 0.306769 0.685729 0.309645 0.688606 0.312810 0.691053 0.318564 0.691627 0.322017 0.687888 0.323311 0.685155 0.323743 0.681846 0.317702 0.681702 0.314825 0.681558 0.311660 0.678249 0.308639 0.676093 0.303748 0.674366
0 0.289047 0.682048 0.285020 0.683774 0.280991 0.684637 0.280129 0.688664 0.285882 0.689096 0.287320 0.688664 0.285162 0.694419 0.288615 0.697440 0.292500 0.697152 0.294224 0.693843 0.291348 0.693411 0.292644 0.690390 0.294656 0.687945 0.294224 0.687081 0.294368 0.683486 0.294224 0.680895 0.290773 0.680321
0 0.280186 0.688420 0.272850 0.691152 0.272418 0.693885 0.271410 0.697194 0.267094 0.697338 0.266232 0.693167 0.268389 0.686981 0.273712 0.683384
0 0.296873 0.665259 0.297879 0.672021 0.295578 0.676048 0.293852 0.677343 0.288384 0.675330 0.291405 0.671013 0.286658 0.669863 0.287522 0.666410 0.295578 0.662671
0 0.926534 0.763537 0.921498 0.766536 0.918382 0.769891 0.915625 0.772050 0.909510 0.770731 0.907832 0.771930 0.902558 0.775887 0.900160 0.780202 0.901239 0.782839 0.903517 0.786195 0.910709 0.784277 0.914546 0.782358 0.916104 0.781640 0.917901 0.787513 0.912387 0.787513 0.908553 0.788593 0.905195 0.788952 0.907593 0.800219 0.911789 0.803457 0.915625 0.803936 0.922697 0.801299 0.928690 0.803098 0.932766 0.803936 0.939359 0.802019 0.937203 0.798302 0.933127 0.794947 0.935643 0.791828 0.937682 0.791230 0.941159 0.787035 0.941279 0.783797 0.940199 0.780680 0.936004 0.775047 0.941638 0.771569 0.945474 0.772289 0.953384 0.771210 0.951467 0.767493 0.943916 0.767134 0.937921 0.764258 0.932287 0.762460
0 0.971354 0.765581 0.971146 0.770924 0.970035 0.772866 0.968094 0.775432 0.969481 0.779249 0.973921 0.775155 0.976070 0.770508 0.975585 0.765581 0.973644 0.763500
0 0.964417 0.758992 0.964277 0.763985 0.962961 0.768564 0.960601 0.771130 0.961226 0.773491 0.965042 0.773559 0.967886 0.769258 0.969273 0.766206 0.968856 0.759129
0 0.952693 0.751290 0.947697 0.746990 0.944229 0.747892 0.943327 0.750319 0.942496 0.754273 0.941039 0.755383 0.940137 0.757604 0.942148 0.761627 0.945062 0.764125 0.950335 0.764958 0.954357 0.763985 0.956995 0.761418 0.957203 0.756285 0.955122 0.752471
0 0.946057 0.732804 0.948307 0.735468 0.948307 0.738466 0.945477 0.743209 0.945226 0.745375 0.948721 0.746124 0.952385 0.742877 0.954466 0.735135 0.951053 0.731057 0.946809 0.729725
0 0.944246 0.744539 0.944351 0.747101 0.944309 0.747272 0.941824 0.751828 0.937265 0.751828 0.933123 0.755350 0.930016 0.759701 0.923595 0.759495 0.919659 0.752243 0.921108 0.746443 0.922766 0.744164 0.925665 0.738573 0.922352 0.736915 0.921316 0.731735 0.929395 0.728836 0.930430 0.731115 0.930430 0.733808 0.936230 0.734016 0.937473 0.736086 0.935195 0.738158 0.936851 0.739193 0.938923 0.741057
0 0.325038 0.698677 0.320004 0.693930 0.315543 0.693641 0.311228 0.695944 0.311948 0.702416 0.315543 0.701842 0.315831 0.699395 0.318134 0.697524
0 0.780527 0.029410 0.779521 0.034158 0.787719 0.037755 0.786137 0.039911 0.783836 0.043076 0.783116 0.047391 0.784699 0.054153 0.785707 0.056886 0.786713 0.057892 0.788440 0.060913 0.791316 0.058613 0.788152 0.066237 0.787001 0.069258 0.787145 0.073285 0.790884 0.073429 0.794337 0.067243 0.798076 0.061345 0.800235 0.057174 0.801241 0.050556 0.804694 0.041494 0.804838 0.034014 0.793043 0.032719
0 0.737243 0.029266 0.739976 0.035884 0.741702 0.043220 0.739687 0.047824 0.735660 0.047391 0.733790 0.043076 0.736667 0.039479 0.738825 0.036458 0.734654 0.035020 0.729187 0.037611 0.727316 0.040199 0.724583 0.041782 0.724009 0.045665 0.724295 0.049980 0.719406 0.050556 0.718542 0.052283 0.721851 0.056598 0.722857 0.058036 0.719118 0.060625 0.719118 0.066669 0.724295 0.065805 0.729907 0.066237 0.734366 0.064942 0.737387 0.063072 0.741558 0.061345 0.744435 0.058757 0.745011 0.052571 0.748894 0.051707 0.746305 0.057462 0.746161 0.062207 0.749758 0.061489 0.752491 0.065516 0.754648 0.068249 0.751341 0.071414 0.751341 0.077744 0.755224 0.080621 0.757668 0.079326 0.762272 0.073861 0.763998 0.073429 0.766013 0.075299 0.771048 0.074723 0.776946 0.074435 0.779535 0.071702 0.775075 0.069258 0.770184 0.069258 0.768746 0.068249 0.768602 0.063072 0.767163 0.060051 0.765869 0.056024 0.768313 0.051421 0.767019 0.046817 0.766013 0.044082 0.772343 0.043797 0.774931 0.042070 0.773349 0.038185 0.769466 0.039049 0.762704 0.037611 0.759539 0.037035 0.757668 0.039335 0.757238 0.041494 0.753065 0.043220 0.750188 0.043938 0.749326 0.038329 0.750188 0.035452 0.746594 0.030273 0.740264 0.028404
0 0.432926 0.115596 0.429694 0.117336 0.417762 0.114601 0.414282 0.117088 0.412790 0.123551 0.422236 0.133989 0.423976 0.139459 0.423231 0.145426 0.420000 0.145922 0.418012 0.147414 0.414034 0.151390 0.417762 0.160339 0.419504 0.166057 0.425219 0.171525 0.430439 0.175253 0.423380 0.180175 0.421243 0.188229 0.424971 0.191684 0.432750 0.193251 0.442371 0.186066 0.445403 0.183331 0.452438 0.186365 0.463227 0.192529 0.464246 0.200882 0.475605 0.201602 0.476177 0.189100 0.469417 0.169089 0.460641 0.154845 0.452886 0.138887 0.438196 0.119896