0 0.638845 0.912702 0.638546 0.915598 0.636348 0.918595 0.635547 0.923289 0.640742 0.923289 0.644639 0.916197 0.641543 0.912702 0.639745 0.911602
0 0.567130 0.167114 0.562835 0.166416 0.562035 0.168413 0.562533 0.170711 0.561436 0.171410 0.560636 0.172309 0.559938 0.175306 0.560935 0.177103 0.561735 0.179202 0.560137 0.181600 0.558839 0.184497 0.562835 0.185195 0.565131 0.184696 0.569927 0.182298 0.572225 0.178602 0.571924 0.175406 0.571525 0.172309 0.571026 0.170612
0 0.590206 0.158023 0.591104 0.154628 0.589207 0.152030 0.586809 0.153429 0.583812 0.152429 0.580816 0.153229 0.581115 0.156926 0.581613 0.158723 0.580807 0.161613 0.572917 0.162522 0.570523 0.164517 0.575022 0.166711 0.580918 0.167110 0.580016 0.170612 0.579417 0.173107 0.577518 0.174406 0.574122 0.177604 0.572824 0.178903 0.569528 0.183497 0.569227 0.188191 0.570126 0.190290 0.574721 0.192088 0.578517 0.192589 0.584111 0.190390 0.587210 0.186494 0.589506 0.183298 0.592103 0.180301 0.595299 0.174406 0.598497 0.170011 0.597797 0.162719 0.594900 0.159723 0.589805 0.157624
0 0.595432 0.185543 0.595144 0.186695 0.592267 0.186119 0.590397 0.188420 0.590973 0.192161 0.589823 0.194031 0.589246 0.197914 0.592555 0.200217 0.596871 0.201223 0.601762 0.202518 0.606797 0.202662 0.613125 0.202374 0.612119 0.199929 0.605645 0.197484 0.604495 0.194320 0.604063 0.190002 0.604783 0.185975 0.606653 0.184249 0.608810 0.182378 0.611687 0.179357 0.610536 0.174898 0.604495 0.171303 0.601330 0.172309 0.598165 0.174036 0.594856 0.175186 0.592555 0.176336 0.591405 0.178495 0.592411 0.180510 0.593418 0.183242
0 0.336152 0.343836 0.333515 0.347553 0.334714 0.350669 0.341906 0.353907 0.345982 0.350071 0.342866 0.346474 0.338790 0.344437
0 0.351618 0.317105 0.351618 0.321780 0.348739 0.324656 0.341906 0.322258 0.336033 0.321540 0.330997 0.326456 0.331239 0.333768 0.334714 0.336884 0.335913 0.338442 0.337112 0.341919 0.340348 0.343836 0.343466 0.344557 0.348021 0.342637 0.351857 0.338803 0.354734 0.333528 0.356172 0.328493 0.355452 0.321660 0.353894 0.316026 0.349100 0.314588
0 0.295508 0.310009 0.299444 0.315395 0.301516 0.317673 0.301102 0.322436 0.300687 0.325543 0.305658 0.326786 0.307522 0.325751 0.310215 0.329894 0.315601 0.330102 0.315601 0.324922 0.310836 0.323679 0.308557 0.320157 0.308972 0.316430 0.312079 0.314151 0.316223 0.308766 0.323473 0.304415 0.327409 0.305244 0.331966 0.302965 0.339009 0.303586 0.341079 0.307522 0.341702 0.311044 0.341702 0.313528 0.335550 0.314109 0.344291 0.317236 0.344663 0.319495 0.342137 0.321297 0.336150 0.318542 0.329665 0.318065 0.325004 0.319619 0.322125 0.321195 0.321277 0.322498 0.320676 0.324550 0.321877 0.325255 0.326910 0.325855 0.329789 0.327057 0.328362 0.329211 0.324280 0.330288 0.322726 0.330412 0.319723 0.332939 0.319847 0.333539 0.321172 0.334617 0.324632 0.335922 0.330040 0.336398 0.334721 0.338573 0.333621 0.341452 0.332194 0.343710 0.330641 0.346589 0.328963 0.350319 0.325605 0.352598 0.321773 0.352473 0.321773 0.350545 0.323555 0.346964 0.318522 0.345286 0.313965 0.343958 0.310381 0.342405 0.303296 0.337848 0.301742 0.334969 0.298138 0.334244 0.296232 0.330765 0.298138 0.329583 0.300312 0.329335 0.298635 0.324426 0.295860 0.321773 0.292753 0.319142 0.291676 0.318542 0.285918 0.314461 0.291323 0.312784 0.285689 0.308828 0.288921 0.308247
0 0.606837 0.854430 0.604441 0.856828 0.602343 0.858728 0.597247 0.859227 0.593952 0.858227 0.595051 0.855031 0.597848 0.855131 0.601443 0.851035 0.604140 0.850836 0.606339 0.852334
0 0.585262 0.872513 0.582163 0.874012 0.584262 0.877808 0.585561 0.881403 0.580765 0.881503 0.579167 0.885100 0.584262 0.888096 0.589756 0.887199 0.596150 0.880004 0.596150 0.875709 0.592952 0.872912 0.587757 0.872513
0 0.591155 0.859317 0.588059 0.862214 0.586560 0.863721 0.580665 0.863422 0.576769 0.862414 0.574373 0.858526 0.577369 0.857928 0.579366 0.857518 0.577768 0.854621 0.579668 0.853123 0.583661 0.854131 0.588757 0.855820 0.592753 0.857028
0 0.611833 0.855629 0.613231 0.857230 0.613331 0.859027 0.612332 0.861514 0.612533 0.865020 0.614929 0.866319 0.617028 0.863311 0.618227 0.858218 0.617826 0.856418 0.614630 0.852533 0.611135 0.851733 0.609736 0.852334
0 0.612170 0.877985 0.608839 0.883896 0.606177 0.885645 0.602263 0.887560 0.599517 0.885645 0.602930 0.881148 0.603429 0.879734 0.600348 0.875820 0.597518 0.875071 0.596186 0.870244 0.597518 0.867247 0.600348 0.864499 0.605676 0.863916 0.609838 0.864750 0.611837 0.866831 0.610920 0.869745 0.605842 0.869410 0.603429 0.870078 0.603096 0.872241 0.604676 0.873491 0.609506 0.873989 0.611919 0.874656
0 0.597988 0.888825 0.598187 0.892123 0.600186 0.893522 0.601984 0.892522 0.604180 0.893821 0.603881 0.896618 0.603382 0.898316 0.606777 0.902810 0.607378 0.905009 0.606678 0.907207 0.603881 0.906707 0.599187 0.903910 0.594191 0.904209 0.591294 0.902810 0.588597 0.900315 0.590696 0.898016 0.593593 0.897316 0.592294 0.893921 0.592793 0.890924 0.594091 0.889925 0.595590 0.888227 0.596888 0.887427
0 0.623462 0.895818 0.621562 0.897216 0.618965 0.896418 0.615470 0.894220 0.612371 0.894721 0.612072 0.897216 0.618566 0.901113 0.622163 0.902511 0.622861 0.902912 0.628156 0.901113 0.628455 0.895818 0.626758 0.893220 0.623260 0.890824 0.622961 0.889426 0.625359 0.887826 0.626359 0.884430 0.622762 0.883231 0.618466 0.885330 0.615869 0.889725 0.616868 0.892821 0.619865 0.894820
0 0.618865 0.909204 0.619366 0.912502 0.624160 0.914798 0.626957 0.917595 0.623961 0.922691 0.614071 0.919894 0.612473 0.917296 0.606379 0.916698 0.599187 0.911403 0.603282 0.910204 0.609876 0.911303 0.613271 0.910403 0.613471 0.907806 0.616068 0.906906
0 0.615567 0.938300 0.621782 0.939543 0.624060 0.937886 0.617225 0.934364 0.616396 0.932500 0.615153 0.926079 0.610182 0.922349 0.608109 0.922972 0.604382 0.921106 0.596718 0.918207 0.596924 0.920071 0.598375 0.922143
0 0.381913 0.806749 0.376733 0.812617 0.381048 0.816416 0.381221 0.821594 0.378805 0.824528 0.374661 0.829880 0.374317 0.837821 0.378805 0.844036 0.380875 0.848178 0.378114 0.853528 0.375698 0.853874 0.369656 0.854911 0.363958 0.856636 0.356882 0.855946 0.346352 0.859916 0.345488 0.864058 0.348941 0.867684 0.356709 0.865268 0.360335 0.868030 0.364823 0.869238 0.364996 0.873726 0.368273 0.879251 0.378460 0.884428 0.383121 0.883739 0.386401 0.879767 0.387090 0.874934 0.390024 0.870273 0.393132 0.867338 0.395204 0.866995 0.398138 0.867511 0.402281 0.867684 0.406596 0.862161 0.404869 0.855082 0.404180 0.845590 0.407460 0.833160 0.398828 0.827119 0.395893 0.824357 0.393305 0.820731 0.389162 0.812790 0.391232 0.809167 0.390716 0.805368 0.386228 0.803814
0 0.575609 0.195672 0.576472 0.197972 0.580789 0.200275 0.583234 0.198980 0.585392 0.197828 0.587405 0.198548 0.588125 0.200419 0.586687 0.202719 0.586831 0.205164 0.585966 0.207899 0.583234 0.211782 0.580213 0.212214 0.578918 0.209767 0.581219 0.205308 0.577912 0.205022 0.573165 0.203726 0.571582 0.200131 0.573021 0.196390