0 0.279517 0.694758 0.277238 0.693309 0.274752 0.689787 0.273508 0.689167 0.269781 0.692480 0.270816 0.695173 0.275166 0.699317 0.272059 0.698903 0.269987 0.700352 0.270816 0.704289 0.277653 0.705738 0.283453 0.703666 0.284074 0.699732 0.281795 0.694967
0 0.358008 0.686059 0.356137 0.689654 0.351102 0.693395 0.348081 0.696272 0.348369 0.699293 0.343333 0.701164 0.339738 0.699005 0.336430 0.697422 0.338730 0.692387 0.340889 0.689942 0.346930 0.688360 0.351678 0.686922 0.355417 0.683324
0 0.277695 0.668154 0.274116 0.669348 0.274116 0.673524 0.275904 0.676507 0.273220 0.678595 0.266955 0.674120 0.267553 0.665769 0.273220 0.663382
0 0.319156 0.664277 0.317367 0.666961 0.313788 0.666066 0.308418 0.667558 0.311102 0.671733 0.317664 0.674120 0.322438 0.673524 0.323333 0.665769
0 0.288127 0.706319 0.286228 0.710461 0.282775 0.710461 0.281567 0.708562 0.279495 0.709253 0.279668 0.713395 0.282602 0.715295 0.285536 0.715984 0.288644 0.713568 0.291407 0.709942 0.291234 0.707181 0.290027 0.704592
0 0.305228 0.651649 0.301361 0.658522 0.300503 0.662817 0.307804 0.661527 0.313819 0.657662 0.322839 0.656374 0.328422 0.656374 0.326704 0.647354 0.319402 0.646924 0.315106 0.645634 0.315106 0.642629 0.308234 0.643486 0.309094 0.650359
0 0.336786 0.658938 0.341857 0.663114 0.339171 0.665499 0.341857 0.668781 0.346928 0.667289 0.347524 0.660428 0.341259 0.653568 0.337680 0.653269
0 0.326720 0.678338 0.323362 0.680975 0.320605 0.681454 0.318446 0.681095 0.317008 0.678697 0.315211 0.677500 0.313533 0.679297 0.315091 0.684211 0.317609 0.686370 0.324202 0.686729 0.328158 0.684931 0.330434 0.681576 0.329597 0.679537
0 0.294951 0.689127 0.299386 0.692844 0.301784 0.694880 0.305621 0.696438 0.305501 0.700155 0.299508 0.698717 0.295191 0.698118 0.292074 0.694162 0.290157 0.692123 0.291115 0.687808
0 0.341487 0.672068 0.342207 0.676024 0.344845 0.677103 0.344965 0.680339 0.344725 0.682857 0.347722 0.684415 0.351316 0.683457 0.353236 0.676864 0.350359 0.672309 0.346642 0.670991 0.344005 0.670629
0 0.326215 0.693681 0.323770 0.697711 0.324920 0.701305 0.326791 0.702314 0.328517 0.704902 0.326359 0.706485 0.320173 0.705335 0.318734 0.700155 0.317872 0.694546 0.321611 0.691813
0 0.304925 0.707491 0.303774 0.713247 0.303200 0.715547 0.300609 0.718712 0.298309 0.721015 0.298165 0.726769 0.300180 0.730796 0.305069 0.731084 0.308378 0.731228 0.311831 0.726480 0.307227 0.723892 0.306077 0.722165 0.308666 0.719719 0.311831 0.718136 0.313701 0.714829 0.314707 0.707061 0.309242 0.703896 0.306651 0.703752
0 0.319455 0.710082 0.316290 0.713103 0.316434 0.718424 0.319743 0.716412 0.321899 0.718856 0.322043 0.723027 0.321899 0.725616 0.325641 0.727631 0.329235 0.722739 0.326791 0.718280 0.323626 0.712959 0.321611 0.709794
0 0.352108 0.704758 0.349663 0.706917 0.346354 0.705767 0.343477 0.706053 0.342615 0.710944 0.342615 0.714829 0.346786 0.717130 0.352108 0.716842 0.356567 0.711232 0.357863 0.707491 0.356137 0.704184
0 0.912965 0.731051 0.915038 0.733537 0.914623 0.736230 0.910273 0.737680 0.910273 0.743065 0.914209 0.742859 0.915658 0.743273 0.916487 0.748451 0.917522 0.751558 0.916695 0.753630 0.914623 0.749694 0.912965 0.747207 0.912759 0.745344 0.908409 0.746587 0.907165 0.748036 0.905716 0.750523 0.903023 0.751558 0.897637 0.753008 0.893701 0.757152 0.893701 0.761088 0.893701 0.763573 0.893495 0.766059 0.896602 0.766888 0.898466 0.763987 0.900330 0.760051 0.904887 0.757358 0.905716 0.759845 0.905510 0.761709 0.910066 0.762329 0.913380 0.761709 0.916695 0.760674 0.919803 0.757981 0.921252 0.754045 0.921667 0.755909 0.920423 0.759845 0.922702 0.761294 0.922910 0.764402 0.924151 0.768752 0.925809 0.771445 0.927881 0.773101 0.933059 0.773101 0.935960 0.771031 0.938238 0.767923 0.937615 0.766059 0.936166 0.763987 0.934096 0.758602 0.933059 0.754045 0.932438 0.750938 0.933681 0.748245 0.936374 0.748865 0.937824 0.750315 0.942589 0.750938 0.944038 0.747207 0.943209 0.743894 0.940723 0.741822 0.934510 0.742030 0.929951 0.742445 0.928087 0.742236 0.927052 0.739129 0.927881 0.737059 0.924980 0.735401 0.921458 0.734158 0.920838 0.730844 0.918145 0.728566 0.915452 0.728358
0 0.925069 0.771917 0.929164 0.775013 0.930563 0.775113 0.932161 0.772615 0.933859 0.772216 0.934858 0.774814 0.933260 0.777810 0.928865 0.779510 0.925168 0.778810 0.921372 0.773914 0.922072 0.769120
0 0.918593 0.778896 0.923005 0.779147 0.925585 0.781144 0.925920 0.785472 0.923588 0.788969 0.921758 0.789803 0.920091 0.786556 0.921008 0.784557 0.918260 0.784641 0.916596 0.784475 0.914515 0.781478 0.917094 0.779397
0 0.906547 0.763896 0.911742 0.764594 0.914340 0.765893 0.915038 0.769291 0.913941 0.773387 0.914040 0.776682 0.914340 0.779180 0.913141 0.780977 0.910443 0.779878 0.909045 0.782575 0.909643 0.785273 0.908646 0.788371 0.905448 0.788070 0.903052 0.785073 0.902850 0.780379 0.903750 0.777081 0.903052 0.775583 0.901452 0.774583 0.900044 0.768730 0.903881 0.766093
0 0.894774 0.777367 0.891777 0.779885 0.889858 0.781443 0.886022 0.783482 0.880749 0.783482 0.878351 0.780483 0.881587 0.776529 0.883626 0.777726 0.884464 0.779045 0.887702 0.775570 0.890818 0.774371 0.892496 0.774251
0 0.873772 0.768712 0.875570 0.774227 0.872092 0.779741 0.869335 0.781780 0.866939 0.778901 0.867538 0.774705 0.871494 0.771230 0.867418 0.767633 0.869696 0.765716 0.871733 0.765955
0 0.831797 0.053127 0.830758 0.055762 0.829439 0.059162 0.830064 0.064641 0.834989 0.062631 0.836653 0.059785 0.840262 0.060064 0.841857 0.052225 0.840539 0.049656 0.835129 0.049379 0.833393 0.053265
0 0.422449 0.143030 0.414783 0.143238 0.409605 0.148209 0.405669 0.150073 0.401527 0.145102 0.396556 0.141580 0.389304 0.146137 0.390756 0.151108 0.396556 0.162502 0.405875 0.164572 0.408777 0.160224 0.412504 0.160638 0.413542 0.167680 0.419548 0.171201 0.422861 0.173273 0.423276 0.177210 0.419756 0.180109 0.423690 0.183424 0.427835 0.185494 0.433012 0.191088 0.435913 0.192744 0.441713 0.193781 0.448548 0.192952 0.452276 0.189845 0.451449 0.184459 0.443369 0.180731 0.439641 0.178039 0.444054 0.173564 0.448548 0.176505 0.450102 0.179446 0.454577 0.183072 0.459071 0.182719 0.465969 0.183754 0.469947 0.181518 0.469947 0.172527 0.465969 0.165277 0.461660 0.153034 0.455798 0.145080 0.450785 0.140419 0.439723 0.132549 0.436968 0.136877 0.438522 0.142575 0.430920 0.141186 0.425742 0.141871 0.424891 0.145494 0.426095 0.155687 0.431438 0.158442 0.433799 0.163941 0.435414 0.168280 0.434379 0.171057 0.431625 0.164324 0.428684 0.158961 0.424023 0.156888 0.422821 0.153615
0 0.414058 0.117347 0.415042 0.121740 0.413422 0.123418 0.408856 0.124169 0.406022 0.125787 0.407409 0.129891 0.413422 0.129661 0.417699 0.129255 0.421110 0.131742 0.425390 0.132897 0.429437 0.129719 0.434812 0.126828 0.437471 0.124342 0.437125 0.119889 0.433539 0.118792 0.428511 0.116596 0.423885 0.121970 0.421862 0.126250 0.418511 0.123127 0.418972 0.118271 0.416254 0.116190
0 0.432666 0.199727 0.433265 0.203823 0.437061 0.202524 0.440457 0.199628 0.443256 0.201026 0.444253 0.205820 0.437660 0.208617 0.432265 0.209716 0.428169 0.207420 0.426871 0.201425 0.429468 0.196631
0 0.741452 0.027857 0.732750 0.035729 0.731095 0.042564 0.730472 0.056443 0.735652 0.065973 0.742072 0.071565 0.743730 0.073429 0.745180 0.077159 0.755124 0.077779 0.758231 0.070321 0.761751 0.067214 0.771695 0.060793 0.781430 0.060379 0.785160 0.061622 0.786403 0.064107 0.782258 0.068043 0.781638 0.071150 0.792617 0.071359 0.796760 0.068251 0.797174 0.058515 0.790960 0.054579 0.781430 0.052092 0.783916 0.048158 0.789096 0.043808 0.787230 0.032828 0.779566 0.027651 0.754710 0.025372 0.744973 0.024958
0 0.804009 0.048845 0.804009 0.053506 0.806598 0.055922 0.808843 0.057130 0.809532 0.061274 0.805044 0.061102 0.799521 0.058684 0.798313 0.052988 0.799867 0.049880
0 0.808147 0.046886 0.808845 0.050082 0.811642 0.052181 0.810844 0.053879 0.810044 0.055078 0.810344 0.057875 0.812941 0.059772 0.817937 0.055776 0.819934 0.055277 0.821531 0.057476 0.823132 0.059074 0.825527 0.057074 0.824029 0.052380 0.820434 0.049783 0.820734 0.047185 0.820734 0.044588 0.817937 0.043289 0.816037 0.046086 0.813741 0.047886 0.810543 0.046886 0.808746 0.045587