0 0.326851 0.777006 0.327606 0.780971 0.327416 0.783047 0.327227 0.785503 0.324962 0.788147 0.322507 0.790601 0.314956 0.788901 0.313067 0.787203 0.311367 0.786824 0.310235 0.788147 0.308347 0.791356 0.305326 0.794566 0.301170 0.795698 0.297773 0.794945 0.297396 0.790789 0.300417 0.789091 0.303626 0.787012 0.305137 0.782671 0.307591 0.780027 0.310047 0.779838 0.312500 0.782103 0.316277 0.784747 0.319865 0.783803 0.321563 0.781727 0.322507 0.779082 0.321374 0.776250 0.320997 0.773041 0.323641 0.771531 0.324962 0.773041
0 0.319694 0.797493 0.321206 0.800135 0.323471 0.802402 0.319694 0.805423 0.318183 0.806744 0.321206 0.809200 0.327813 0.806933 0.331589 0.799758 0.325171 0.794473 0.321015 0.793905
0 0.340080 0.802883 0.343070 0.804772 0.348892 0.805401 0.352511 0.806345 0.352826 0.809807 0.348577 0.812010 0.341653 0.811066 0.337562 0.811066 0.335674 0.807447 0.338506 0.802097
0 0.353298 0.785262 0.351095 0.789193 0.350780 0.793442 0.351882 0.796746 0.351882 0.798792 0.350623 0.800208 0.351095 0.802254 0.354557 0.803355 0.360691 0.800366 0.363052 0.797219 0.363052 0.790609 0.361478 0.788409 0.359747 0.785419 0.357544 0.783845
0 0.351252 0.778652 0.350780 0.781170 0.346689 0.780383 0.344328 0.780541 0.343227 0.784632 0.342755 0.786206 0.338664 0.785734 0.338349 0.780698 0.338978 0.779282 0.337562 0.777866 0.338191 0.774246 0.340709 0.772516 0.340237 0.770942 0.337247 0.769368 0.336461 0.767008 0.337405 0.764176 0.338978 0.763703 0.340867 0.763231 0.340080 0.761500 0.339765 0.759455 0.338978 0.757254 0.338191 0.755838 0.340552 0.754264 0.342440 0.753949 0.344486 0.756467 0.346217 0.758668 0.346217 0.761343 0.347318 0.763389 0.348734 0.763389 0.351724 0.764176 0.352196 0.767480 0.351252 0.768896 0.347318 0.770627 0.349364 0.771729 0.350151 0.772516 0.350308 0.774404 0.350465 0.776135
0 0.330242 0.742041 0.330022 0.746520 0.331334 0.749253 0.333409 0.751328 0.338655 0.751766 0.341933 0.747068 0.339091 0.745428 0.336359 0.746848 0.334940 0.742150 0.334829 0.740621 0.331334 0.741057
0 0.328382 0.748160 0.333191 0.753624 0.333300 0.754605 0.333737 0.756902 0.334393 0.760836 0.335157 0.763129 0.334721 0.765643 0.334173 0.767828 0.332863 0.769357 0.332972 0.773511 0.331660 0.775913 0.329694 0.776569 0.326308 0.775477 0.324122 0.774275 0.323358 0.771106 0.327072 0.770887 0.329038 0.770887 0.329366 0.768701 0.326853 0.767500 0.324887 0.763894 0.323684 0.760616 0.324012 0.756465 0.324887 0.755153 0.325543 0.752094 0.327289 0.750563
0 0.601664 0.822624 0.599399 0.823985 0.592828 0.824663 0.589428 0.828063 0.592602 0.830328 0.592148 0.834406 0.586937 0.835539 0.581727 0.829195 0.584672 0.819227 0.591469 0.816507 0.596454 0.816959 0.600532 0.818546
0 0.639730 0.838032 0.642675 0.843242 0.643808 0.847320 0.641088 0.850040 0.645847 0.854118 0.651059 0.846868 0.648114 0.838032 0.643129 0.836445
0 0.572662 0.828289 0.569038 0.834180 0.568810 0.837352 0.564506 0.836899 0.564051 0.831008 0.567225 0.825570 0.571529 0.824663
0 0.572210 0.841203 0.574023 0.843923 0.573116 0.848681 0.568584 0.850494 0.565638 0.844603 0.566771 0.840523
0 0.577974 0.853976 0.573821 0.852336 0.571090 0.852773 0.569778 0.857254 0.571418 0.863590 0.575789 0.863810 0.575024 0.857691 0.576445 0.856926 0.578411 0.857691 0.579504 0.855286
0 0.596004 0.836820 0.592070 0.838568 0.591414 0.840426 0.590869 0.843158 0.591523 0.846108 0.593819 0.847201 0.594583 0.849277 0.593599 0.850259 0.589009 0.849931 0.587808 0.852883 0.587371 0.855397 0.588901 0.857799 0.591961 0.856161 0.594911 0.855177 0.598517 0.855397 0.600811 0.855942 0.604198 0.855397 0.606274 0.853320 0.606822 0.850259 0.607914 0.848730 0.609224 0.845452 0.606274 0.842502 0.603105 0.841738 0.599391 0.841955 0.597314 0.842066 0.596549 0.840426 0.599282 0.838788 0.599282 0.837367
0 0.607367 0.860204 0.609661 0.863262 0.608460 0.867744 0.603870 0.864027 0.601795 0.864027 0.599499 0.862717 0.597097 0.862826 0.595239 0.858675 0.602232 0.856817 0.605182 0.858675 0.606822 0.860969
0 0.596877 0.867744 0.598189 0.870911 0.601139 0.872551 0.602777 0.872004 0.606383 0.871895 0.607258 0.874080 0.608788 0.874736 0.610208 0.872770 0.612066 0.872004 0.615452 0.872879 0.617748 0.873096 0.618732 0.875609 0.618732 0.878670 0.612613 0.879326 0.610973 0.880419 0.608023 0.880855 0.603870 0.878562 0.601795 0.877578 0.596877 0.876922 0.593819 0.874300 0.591305 0.869382 0.593271 0.866323
0 0.586059 0.879215 0.594583 0.880091 0.599938 0.883369 0.601795 0.884898 0.599171 0.887303 0.594364 0.887303 0.593163 0.887848 0.592507 0.890798 0.594473 0.893094 0.597861 0.895060 0.605618 0.895060 0.607039 0.897137 0.603761 0.900742 0.596769 0.899758 0.592287 0.898994 0.590758 0.898229 0.589448 0.896809 0.587699 0.901070 0.586824 0.901944 0.583766 0.903036 0.580705 0.901727 0.578848 0.898121 0.583985 0.895496 0.587699 0.893859 0.586824 0.892438 0.583985 0.892329 0.581252 0.891891 0.579067 0.889269 0.579504 0.886647 0.582890 0.886210 0.586170 0.886755 0.586935 0.884353 0.585078 0.882385
0 0.597205 0.905113 0.597861 0.909592 0.599938 0.910576 0.600483 0.913637 0.599282 0.916039 0.596004 0.916476 0.593054 0.914510 0.592287 0.912542 0.591961 0.908391 0.592070 0.904457 0.594473 0.902491
0 0.613706 0.902928 0.613814 0.905004 0.616000 0.905986 0.614798 0.907954 0.612285 0.908828 0.612066 0.912325 0.616436 0.912653 0.621135 0.909047 0.620807 0.904676 0.619058 0.902600 0.616764 0.902055 0.615452 0.901507
0 0.626970 0.918138 0.625986 0.916498 0.622817 0.917046 0.622600 0.918794 0.620632 0.920432 0.618994 0.919668 0.617682 0.920980 0.617465 0.923930 0.619430 0.925787 0.624238 0.925787 0.629592 0.922400 0.630685 0.917810
0 0.636367 0.925787 0.635055 0.929393 0.633307 0.932999 0.635711 0.934856 0.638881 0.932562 0.640082 0.931359 0.641611 0.932451 0.644016 0.931795 0.643360 0.927425 0.639754 0.925895 0.636913 0.926223
0 0.349096 0.266647 0.340940 0.273825 0.333109 0.273172 0.329193 0.277414 0.326582 0.282633 0.329845 0.296011 0.333761 0.299601 0.335066 0.303841 0.340612 0.305800 0.345508 0.304169 0.350401 0.296011 0.344854 0.290137 0.337677 0.284918 0.342245 0.281656 0.346159 0.284918 0.350075 0.286875 0.350401 0.291117 0.353012 0.293728 0.360516 0.293728 0.360516 0.286549 0.359211 0.281330 0.360842 0.274803 0.357252 0.268278
0 0.365736 0.292748 0.361494 0.293400 0.359863 0.295685 0.355295 0.295359 0.352684 0.297316 0.354643 0.299601 0.352032 0.302863 0.351053 0.307757 0.348770 0.310040 0.344854 0.311673 0.341266 0.312977 0.336044 0.311999 0.333109 0.314936 0.331476 0.318850 0.332781 0.322440 0.335718 0.326028 0.340286 0.327334 0.342245 0.330596 0.344202 0.334512 0.348444 0.335490 0.352684 0.335816 0.354969 0.333207 0.359863 0.327985 0.362799 0.328311 0.367693 0.328965 0.371935 0.327985 0.372914 0.324723 0.370304 0.321786 0.365148 0.316469 0.366518 0.313305 0.364692 0.310824 0.365605 0.308996 0.370598 0.306288 0.371935 0.304918 0.374448 0.309453 0.375133 0.314218 0.376469 0.316241 0.376241 0.319406 0.378526 0.323256 0.382832 0.324397 0.385313 0.321232 0.386910 0.316011 0.386226 0.310368 0.384171 0.304233 0.381919 0.300155 0.378526 0.296762 0.374905 0.294510 0.371707 0.292684
0 0.575208 0.136316 0.568684 0.142026 0.587988 0.144473 0.587715 0.156164 0.585541 0.159699 0.575754 0.158883 0.573305 0.161330 0.569772 0.166223 0.565964 0.165680 0.564333 0.170574 0.567052 0.173566 0.576024 0.173021 0.585813 0.168943 0.589076 0.172478 0.588260 0.179003 0.582278 0.183626 0.577928 0.185800 0.574936 0.189880 0.570858 0.193143 0.565148 0.192327 0.564333 0.189608 0.559710 0.190151 0.555089 0.191239 0.551281 0.193686 0.546933 0.190151 0.545299 0.185530 0.543125 0.183083 0.544484 0.173293 0.548019 0.163234 0.550465 0.157252 0.553185 0.153989 0.557535 0.148551 0.561886 0.141753 0.565148 0.135501
0 0.265505 0.807263 0.269812 0.811961 0.276467 0.811177 0.278034 0.813526 0.272943 0.816268 0.267070 0.815875 0.262764 0.811569 0.260414 0.805696
0 0.303147 0.757369 0.310623 0.753743 0.301334 0.751252 0.299747 0.751026 0.295443 0.747174 0.296121 0.745135 0.289324 0.747400 0.287059 0.750572 0.290911 0.754650 0.294082 0.756689 0.295669 0.759408 0.299067 0.760089 0.301108 0.758050
0 0.279581 0.795434 0.275957 0.795889 0.273012 0.796341 0.273464 0.799512 0.269612 0.798606 0.268706 0.802006 0.273238 0.804951 0.277996 0.804271 0.280488 0.802458 0.280035 0.806764 0.281848 0.807897 0.286152 0.806990 0.287285 0.804271 0.286379 0.801554 0.285700 0.798380 0.286152 0.795434 0.288191 0.791356 0.286152 0.791130 0.282981 0.793850
0 0.357908 0.761456 0.358728 0.763732 0.361461 0.763460 0.363373 0.764096 0.361370 0.769377 0.360641 0.770652 0.361551 0.773021 0.364466 0.773748 0.367196 0.769286 0.368380 0.765645 0.367196 0.759907 0.363464 0.758269 0.360913 0.758360